Digite o nome do arquivo com os resultados: inicio da solucao eil51
termino da solucao eil51
indice analisado:  45
ponto di: 46
Cmt = inf, pontoK = None
Cll = 1.17046


##Testando funcionamento##
indice analisado:  45
conjunto Ti+: [51, 31, 45, 50, 26]
conjunto Ti: [17]
conjunto Sigma: [0, 0, 0, 0, 0, 0, 0, 0, 0, 0, 0, 0, 0, 0, 0, 0, 0, 0, 0, 0, 0, 0, 0, 0, 0, 0, 0, 0, 0, 0, 0, 0, 0, 0, 0, 0, 0, 0, 0, 0, 0, 0, 0, 0, 0, 0, 1, 0, 0, 0, 0, 0]
conjunto Ci: [0, 0, 0, 0, 0, 0, 0, 0, 0, 0, 0, 0, 0, 0, 0, 0, 0, 0, 0, 0, 0, 0, 0, 0, 0, 0, 0, 0, 0, 0, 0, 0, 0, 0, 0, 0, 0, 0, 0, 0, 0, 0, 0, 0, 0, 3.3204599999999997, 2.15, 0.7749999999999999, 0.575, 0.5, 0.175, 0.0]
vetor repDynamicProg:  [0, 21, 27, 30, 25, 7, 47, 22, 6, 42, 23, 13, 24, 12, 39, 40, 18, 41, 3, 16, 36, 43, 14, 44, 32, 9, 38, 29, -33, 20, -28, 19, 34, 35, 2, 1, 49, 8, 15, 10, 37, 48, 4, 11, 46, 17, -5, 26, 50, 45, 31, 51]
indice analisado:  44
ponto di: 46
Cmt = 0.65, pontoK = 17
Cll = 1.225


##Testando funcionamento##
indice analisado:  44
conjunto Ti+: [51, 31, 45, 50, 26]
conjunto Ti: [17, 46]
conjunto Sigma: [0, 0, 0, 0, 0, 0, 0, 0, 0, 0, 0, 0, 0, 0, 0, 0, 0, 0, 0, 0, 0, 0, 0, 0, 0, 0, 0, 0, 0, 0, 0, 0, 0, 0, 0, 0, 0, 0, 0, 0, 0, 0, 0, 0, 0, 0, 1, 0, 0, 0, 0, 0]
conjunto Ci: [0, 0, 0, 0, 0, 0, 0, 0, 0, 0, 0, 0, 0, 0, 0, 0, 0, 0, 0, 0, 0, 0, 0, 0, 0, 0, 0, 0, 0, 0, 0, 0, 0, 0, 0, 0, 0, 0, 0, 0, 0, 0, 0, 0, 3.9704599999999997, 3.3204599999999997, 2.15, 0.7749999999999999, 0.575, 0.5, 0.175, 0.0]
vetor repDynamicProg:  [0, 21, 27, 30, 25, 7, 47, 22, 6, 42, 23, 13, 24, 12, 39, 40, 18, 41, 3, 16, 36, 43, 14, 44, 32, 9, 38, 29, -33, 20, -28, 19, 34, 35, 2, 1, 49, 8, 15, 10, 37, 48, 4, 11, 46, 17, -5, 26, 50, 45, 31, 51]
indice analisado:  43
ponto di: 46
Cmt = 0.8, pontoK = 17
Cll = 1.375


##Testando funcionamento##
indice analisado:  43
conjunto Ti+: [51, 31, 45, 50, 26]
conjunto Ti: [17, 46, 11]
conjunto Sigma: [0, 0, 0, 0, 0, 0, 0, 0, 0, 0, 0, 0, 0, 0, 0, 0, 0, 0, 0, 0, 0, 0, 0, 0, 0, 0, 0, 0, 0, 0, 0, 0, 0, 0, 0, 0, 0, 0, 0, 0, 0, 0, 0, 0, 0, 0, 1, 0, 0, 0, 0, 0]
conjunto Ci: [0, 0, 0, 0, 0, 0, 0, 0, 0, 0, 0, 0, 0, 0, 0, 0, 0, 0, 0, 0, 0, 0, 0, 0, 0, 0, 0, 0, 0, 0, 0, 0, 0, 0, 0, 0, 0, 0, 0, 0, 0, 0, 0, 4.77046, 3.9704599999999997, 3.3204599999999997, 2.15, 0.7749999999999999, 0.575, 0.5, 0.175, 0.0]
vetor repDynamicProg:  [0, 21, 27, 30, 25, 7, 47, 22, 6, 42, 23, 13, 24, 12, 39, 40, 18, 41, 3, 16, 36, 43, 14, 44, 32, 9, 38, 29, -33, 20, -28, 19, 34, 35, 2, 1, 49, 8, 15, 10, 37, 48, 4, 11, 46, 17, -5, 26, 50, 45, 31, 51]
indice analisado:  42
ponto di: 46
Cmt = 0.975, pontoK = 17
Cll = 1.45


##Testando funcionamento##
indice analisado:  42
conjunto Ti+: [51, 31, 45, 50, 26]
conjunto Ti: [17, 46, 11, 4]
conjunto Sigma: [0, 0, 0, 0, 0, 0, 0, 0, 0, 0, 0, 0, 0, 0, 0, 0, 0, 0, 0, 0, 0, 0, 0, 0, 0, 0, 0, 0, 0, 0, 0, 0, 0, 0, 0, 0, 0, 0, 0, 0, 0, 0, 0, 0, 0, 0, 1, 0, 0, 0, 0, 0]
conjunto Ci: [0, 0, 0, 0, 0, 0, 0, 0, 0, 0, 0, 0, 0, 0, 0, 0, 0, 0, 0, 0, 0, 0, 0, 0, 0, 0, 0, 0, 0, 0, 0, 0, 0, 0, 0, 0, 0, 0, 0, 0, 0, 0, 5.74546, 4.77046, 3.9704599999999997, 3.3204599999999997, 2.15, 0.7749999999999999, 0.575, 0.5, 0.175, 0.0]
vetor repDynamicProg:  [0, 21, 27, 30, 25, 7, 47, 22, 6, 42, 23, 13, 24, 12, 39, 40, 18, 41, 3, 16, 36, 43, 14, 44, 32, 9, 38, 29, -33, 20, -28, 19, 34, 35, 2, 1, 49, 8, 15, 10, 37, 48, 4, 11, 46, 17, -5, 26, 50, 45, 31, 51]
indice analisado:  41
ponto di: 46
Cmt = 1.125, pontoK = 17
Cll = 1.7


##Testando funcionamento##
indice analisado:  41
conjunto Ti+: [51, 31, 45, 50, 26]
conjunto Ti: [17, 46, 11, 4, 48]
conjunto Sigma: [0, 0, 0, 0, 0, 0, 0, 0, 0, 0, 0, 0, 0, 0, 0, 0, 0, 0, 0, 0, 0, 0, 0, 0, 0, 0, 0, 0, 0, 0, 0, 0, 0, 0, 0, 0, 0, 0, 0, 0, 0, 0, 0, 0, 0, 0, 1, 0, 0, 0, 0, 0]
conjunto Ci: [0, 0, 0, 0, 0, 0, 0, 0, 0, 0, 0, 0, 0, 0, 0, 0, 0, 0, 0, 0, 0, 0, 0, 0, 0, 0, 0, 0, 0, 0, 0, 0, 0, 0, 0, 0, 0, 0, 0, 0, 0, 6.87046, 5.74546, 4.77046, 3.9704599999999997, 3.3204599999999997, 2.15, 0.7749999999999999, 0.575, 0.5, 0.175, 0.0]
vetor repDynamicProg:  [0, 21, 27, 30, 25, 7, 47, 22, 6, 42, 23, 13, 24, 12, 39, 40, 18, 41, 3, 16, 36, 43, 14, 44, 32, 9, 38, 29, -33, 20, -28, 19, 34, 35, 2, 1, 49, 8, 15, 10, 37, 48, 4, 11, 46, 17, -5, 26, 50, 45, 31, 51]
indice analisado:  40
ponto di: 46
Cmt = 1.0, pontoK = 11
Cll = 1.45


##Testando funcionamento##
indice analisado:  40
conjunto Ti+: [51, 31, 45, 50, 26]
conjunto Ti: [17, 46, 11, 4, 48, 37]
conjunto Sigma: [0, 0, 0, 0, 0, 0, 0, 0, 0, 0, 0, 0, 0, 0, 0, 0, 0, 0, 0, 0, 0, 0, 0, 0, 0, 0, 0, 0, 0, 0, 0, 0, 0, 0, 0, 0, 0, 0, 0, 0, 0, 0, 0, 0, 0, 0, 1, 0, 0, 0, 0, 0]
conjunto Ci: [0, 0, 0, 0, 0, 0, 0, 0, 0, 0, 0, 0, 0, 0, 0, 0, 0, 0, 0, 0, 0, 0, 0, 0, 0, 0, 0, 0, 0, 0, 0, 0, 0, 0, 0, 0, 0, 0, 0, 0, 7.87046, 6.87046, 5.74546, 4.77046, 3.9704599999999997, 3.3204599999999997, 2.15, 0.7749999999999999, 0.575, 0.5, 0.175, 0.0]
vetor repDynamicProg:  [0, 21, 27, 30, 25, 7, 47, 22, 6, 42, 23, 13, 24, 12, 39, 40, 18, 41, 3, 16, 36, 43, 14, 44, 32, 9, 38, 29, -33, 20, -28, 19, 34, 35, 2, 1, 49, 8, 15, 10, 37, 48, 4, 11, 46, 17, -5, 26, 50, 45, 31, 51]
indice analisado:  39
ponto di: 46
Cmt = 0.45, pontoK = 37
Cll = 1.225


##Testando funcionamento##
indice analisado:  39
conjunto Ti+: [51, 31, 45, 50, 26]
conjunto Ti: [17, 46, 11, 4, 48, 37, 10]
conjunto Sigma: [0, 0, 0, 0, 0, 0, 0, 0, 0, 0, 0, 0, 0, 0, 0, 0, 0, 0, 0, 0, 0, 0, 0, 0, 0, 0, 0, 0, 0, 0, 0, 0, 0, 0, 0, 0, 0, 0, 0, 0, 0, 0, 0, 0, 0, 0, 1, 0, 0, 0, 0, 0]
conjunto Ci: [0, 0, 0, 0, 0, 0, 0, 0, 0, 0, 0, 0, 0, 0, 0, 0, 0, 0, 0, 0, 0, 0, 0, 0, 0, 0, 0, 0, 0, 0, 0, 0, 0, 0, 0, 0, 0, 0, 0, 8.320459999999999, 7.87046, 6.87046, 5.74546, 4.77046, 3.9704599999999997, 3.3204599999999997, 2.15, 0.7749999999999999, 0.575, 0.5, 0.175, 0.0]
vetor repDynamicProg:  [0, 21, 27, 30, 25, 7, 47, 22, 6, 42, 23, 13, 24, 12, 39, 40, 18, 41, 3, 16, 36, 43, 14, 44, 32, 9, 38, 29, -33, 20, -28, 19, 34, 35, 2, 1, 49, 8, 15, 10, 37, 48, 4, 11, 46, 17, -5, 26, 50, 45, 31, 51]
indice analisado:  38
ponto di: 46
Cmt = 0.2, pontoK = 37
Cll = 1.475


##Testando funcionamento##
indice analisado:  38
conjunto Ti+: [51, 31, 45, 50, 26]
conjunto Ti: [17, 46, 11, 4, 48, 37, 10, 15]
conjunto Sigma: [0, 0, 0, 0, 0, 0, 0, 0, 0, 0, 0, 0, 0, 0, 0, 0, 0, 0, 0, 0, 0, 0, 0, 0, 0, 0, 0, 0, 0, 0, 0, 0, 0, 0, 0, 0, 0, 0, 0, 0, 0, 0, 0, 0, 0, 0, 1, 0, 0, 0, 0, 0]
conjunto Ci: [0, 0, 0, 0, 0, 0, 0, 0, 0, 0, 0, 0, 0, 0, 0, 0, 0, 0, 0, 0, 0, 0, 0, 0, 0, 0, 0, 0, 0, 0, 0, 0, 0, 0, 0, 0, 0, 0, 8.520459999999998, 8.320459999999999, 7.87046, 6.87046, 5.74546, 4.77046, 3.9704599999999997, 3.3204599999999997, 2.15, 0.7749999999999999, 0.575, 0.5, 0.175, 0.0]
vetor repDynamicProg:  [0, 21, 27, 30, 25, 7, 47, 22, 6, 42, 23, 13, 24, 12, 39, 40, 18, 41, 3, 16, 36, 43, 14, 44, 32, 9, 38, 29, -33, 20, -28, 19, 34, 35, 2, 1, 49, 8, 15, 10, 37, 48, 4, 11, 46, 17, -5, 26, 50, 45, 31, 51]
indice analisado:  37
ponto di: 46
Cmt = 0.0, pontoK = 37
Cll = 1.675


##Testando funcionamento##
indice analisado:  37
conjunto Ti+: [51, 31, 45, 50, 26]
conjunto Ti: [17, 46, 11, 4, 48, 37, 10, 15, 8]
conjunto Sigma: [0, 0, 0, 0, 0, 0, 0, 0, 0, 0, 0, 0, 0, 0, 0, 0, 0, 0, 0, 0, 0, 0, 0, 0, 0, 0, 0, 0, 0, 0, 0, 0, 0, 0, 0, 0, 0, 0, 0, 0, 0, 0, 0, 0, 0, 0, 1, 0, 0, 0, 0, 0]
conjunto Ci: [0, 0, 0, 0, 0, 0, 0, 0, 0, 0, 0, 0, 0, 0, 0, 0, 0, 0, 0, 0, 0, 0, 0, 0, 0, 0, 0, 0, 0, 0, 0, 0, 0, 0, 0, 0, 0, 8.520459999999998, 8.520459999999998, 8.320459999999999, 7.87046, 6.87046, 5.74546, 4.77046, 3.9704599999999997, 3.3204599999999997, 2.15, 0.7749999999999999, 0.575, 0.5, 0.175, 0.0]
vetor repDynamicProg:  [0, 21, 27, 30, 25, 7, 47, 22, 6, 42, 23, 13, 24, 12, 39, 40, 18, 41, 3, 16, 36, 43, 14, 44, 32, 9, 38, 29, -33, 20, -28, 19, 34, 35, 2, 1, 49, 8, 15, 10, 37, 48, 4, 11, 46, 17, -5, 26, 50, 45, 31, 51]
indice analisado:  36
ponto di: 46
Cmt = 1.225, pontoK = 11
Cll = 1.675


##Testando funcionamento##
indice analisado:  36
conjunto Ti+: [51, 31, 45, 50, 26]
conjunto Ti: [17, 46, 11, 4, 48, 37, 10, 15, 8, 49]
conjunto Sigma: [0, 0, 0, 0, 0, 0, 0, 0, 0, 0, 0, 0, 0, 0, 0, 0, 0, 0, 0, 0, 0, 0, 0, 0, 0, 0, 0, 0, 0, 0, 0, 0, 0, 0, 0, 0, 0, 0, 0, 0, 0, 0, 0, 0, 0, 0, 1, 0, 0, 0, 0, 0]
conjunto Ci: [0, 0, 0, 0, 0, 0, 0, 0, 0, 0, 0, 0, 0, 0, 0, 0, 0, 0, 0, 0, 0, 0, 0, 0, 0, 0, 0, 0, 0, 0, 0, 0, 0, 0, 0, 0, 9.745459999999998, 8.520459999999998, 8.520459999999998, 8.320459999999999, 7.87046, 6.87046, 5.74546, 4.77046, 3.9704599999999997, 3.3204599999999997, 2.15, 0.7749999999999999, 0.575, 0.5, 0.175, 0.0]
vetor repDynamicProg:  [0, 21, 27, 30, 25, 7, 47, 22, 6, 42, 23, 13, 24, 12, 39, 40, 18, 41, 3, 16, 36, 43, 14, 44, 32, 9, 38, 29, -33, 20, -28, 19, 34, 35, 2, 1, 49, 8, 15, 10, 37, 48, 4, 11, 46, 17, -5, 26, 50, 45, 31, 51]
indice analisado:  35
ponto di: 46
Cmt = 1.025, pontoK = 4
Cll = 1.35


##Testando funcionamento##
indice analisado:  35
conjunto Ti+: [51, 31, 45, 50, 26]
conjunto Ti: [17, 46, 11, 4, 48, 37, 10, 15, 8, 49, 1]
conjunto Sigma: [0, 0, 0, 0, 0, 0, 0, 0, 0, 0, 0, 0, 0, 0, 0, 0, 0, 0, 0, 0, 0, 0, 0, 0, 0, 0, 0, 0, 0, 0, 0, 0, 0, 0, 0, 0, 0, 0, 0, 0, 0, 0, 0, 0, 0, 0, 1, 0, 0, 0, 0, 0]
conjunto Ci: [0, 0, 0, 0, 0, 0, 0, 0, 0, 0, 0, 0, 0, 0, 0, 0, 0, 0, 0, 0, 0, 0, 0, 0, 0, 0, 0, 0, 0, 0, 0, 0, 0, 0, 0, 10.770459999999998, 9.745459999999998, 8.520459999999998, 8.520459999999998, 8.320459999999999, 7.87046, 6.87046, 5.74546, 4.77046, 3.9704599999999997, 3.3204599999999997, 2.15, 0.7749999999999999, 0.575, 0.5, 0.175, 0.0]
vetor repDynamicProg:  [0, 21, 27, 30, 25, 7, 47, 22, 6, 42, 23, 13, 24, 12, 39, 40, 18, 41, 3, 16, 36, 43, 14, 44, 32, 9, 38, 29, -33, 20, -28, 19, 34, 35, 2, 1, 49, 8, 15, 10, 37, 48, 4, 11, 46, 17, -5, 26, 50, 45, 31, 51]
indice analisado:  34
ponto di: 46
Cmt = 0.425, pontoK = 1
Cll = 1.5150199999999998


##Testando funcionamento##
indice analisado:  34
conjunto Ti+: [51, 31, 45, 50, 26]
conjunto Ti: [17, 46, 11, 4, 48, 37, 10, 15, 8, 49, 1, 2]
conjunto Sigma: [0, 0, 0, 0, 0, 0, 0, 0, 0, 0, 0, 0, 0, 0, 0, 0, 0, 0, 0, 0, 0, 0, 0, 0, 0, 0, 0, 0, 0, 0, 0, 0, 0, 0, 0, 0, 0, 0, 0, 0, 0, 0, 0, 0, 0, 0, 1, 0, 0, 0, 0, 0]
conjunto Ci: [0, 0, 0, 0, 0, 0, 0, 0, 0, 0, 0, 0, 0, 0, 0, 0, 0, 0, 0, 0, 0, 0, 0, 0, 0, 0, 0, 0, 0, 0, 0, 0, 0, 0, 11.195459999999999, 10.770459999999998, 9.745459999999998, 8.520459999999998, 8.520459999999998, 8.320459999999999, 7.87046, 6.87046, 5.74546, 4.77046, 3.9704599999999997, 3.3204599999999997, 2.15, 0.7749999999999999, 0.575, 0.5, 0.175, 0.0]
vetor repDynamicProg:  [0, 21, 27, 30, 25, 7, 47, 22, 6, 42, 23, 13, 24, 12, 39, 40, 18, 41, 3, 16, 36, 43, 14, 44, 32, 9, 38, 29, -33, 20, -28, 19, 34, 35, 2, 1, 49, 8, 15, 10, 37, 48, 4, 11, 46, 17, -5, 26, 50, 45, 31, 51]
indice analisado:  33
ponto di: 46
Cmt = 0.55, pontoK = 2
Cll = 1.81593


##Testando funcionamento##
indice analisado:  33
conjunto Ti+: [51, 31, 45, 50, 26]
conjunto Ti: [17, 46, 11, 4, 48, 37, 10, 15, 8, 49, 1, 2, 35]
conjunto Sigma: [0, 0, 0, 0, 0, 0, 0, 0, 0, 0, 0, 0, 0, 0, 0, 0, 0, 0, 0, 0, 0, 0, 0, 0, 0, 0, 0, 0, 0, 0, 0, 0, 0, 0, 0, 0, 0, 0, 0, 0, 0, 0, 0, 0, 0, 0, 1, 0, 0, 0, 0, 0]
conjunto Ci: [0, 0, 0, 0, 0, 0, 0, 0, 0, 0, 0, 0, 0, 0, 0, 0, 0, 0, 0, 0, 0, 0, 0, 0, 0, 0, 0, 0, 0, 0, 0, 0, 0, 11.74546, 11.195459999999999, 10.770459999999998, 9.745459999999998, 8.520459999999998, 8.520459999999998, 8.320459999999999, 7.87046, 6.87046, 5.74546, 4.77046, 3.9704599999999997, 3.3204599999999997, 2.15, 0.7749999999999999, 0.575, 0.5, 0.175, 0.0]
vetor repDynamicProg:  [0, 21, 27, 30, 25, 7, 47, 22, 6, 42, 23, 13, 24, 12, 39, 40, 18, 41, 3, 16, 36, 43, 14, 44, 32, 9, 38, 29, -33, 20, -28, 19, 34, 35, 2, 1, 49, 8, 15, 10, 37, 48, 4, 11, 46, 17, -5, 26, 50, 45, 31, 51]
indice analisado:  32
ponto di: 46
Cmt = 0.575, pontoK = 2
Cll = 1.74988


##Testando funcionamento##
indice analisado:  32
conjunto Ti+: [51, 31, 45, 50, 26]
conjunto Ti: [17, 46, 11, 4, 48, 37, 10, 15, 8, 49, 1, 2, 35, 34]
conjunto Sigma: [0, 0, 0, 0, 0, 0, 0, 0, 0, 0, 0, 0, 0, 0, 0, 0, 0, 0, 0, 0, 0, 0, 0, 0, 0, 0, 0, 0, 0, 0, 0, 0, 0, 0, 0, 0, 0, 0, 0, 0, 0, 0, 0, 0, 0, 0, 1, 0, 0, 0, 0, 0]
conjunto Ci: [0, 0, 0, 0, 0, 0, 0, 0, 0, 0, 0, 0, 0, 0, 0, 0, 0, 0, 0, 0, 0, 0, 0, 0, 0, 0, 0, 0, 0, 0, 0, 0, 12.320459999999999, 11.74546, 11.195459999999999, 10.770459999999998, 9.745459999999998, 8.520459999999998, 8.520459999999998, 8.320459999999999, 7.87046, 6.87046, 5.74546, 4.77046, 3.9704599999999997, 3.3204599999999997, 2.15, 0.7749999999999999, 0.575, 0.5, 0.175, 0.0]
vetor repDynamicProg:  [0, 21, 27, 30, 25, 7, 47, 22, 6, 42, 23, 13, 24, 12, 39, 40, 18, 41, 3, 16, 36, 43, 14, 44, 32, 9, 38, 29, -33, 20, -28, 19, 34, 35, 2, 1, 49, 8, 15, 10, 37, 48, 4, 11, 46, 17, -5, 26, 50, 45, 31, 51]
indice analisado:  31
ponto di: 46
Cmt = 0.4, pontoK = 1
Cll = 1.60702


##Testando funcionamento##
indice analisado:  31
conjunto Ti+: [51, 31, 45, 50, 26]
conjunto Ti: [17, 46, 11, 4, 48, 37, 10, 15, 8, 49, 1, 2, 35, 34, 19]
conjunto Sigma: [0, 0, 0, 0, 0, 0, 0, 0, 0, 0, 0, 0, 0, 0, 0, 0, 0, 0, 0, 0, 0, 0, 0, 0, 0, 0, 0, 0, 0, 0, 0, 0, 0, 0, 0, 0, 0, 0, 0, 0, 0, 0, 0, 0, 0, 0, 1, 0, 0, 0, 0, 0]
conjunto Ci: [0, 0, 0, 0, 0, 0, 0, 0, 0, 0, 0, 0, 0, 0, 0, 0, 0, 0, 0, 0, 0, 0, 0, 0, 0, 0, 0, 0, 0, 0, 0, 12.72046, 12.320459999999999, 11.74546, 11.195459999999999, 10.770459999999998, 9.745459999999998, 8.520459999999998, 8.520459999999998, 8.320459999999999, 7.87046, 6.87046, 5.74546, 4.77046, 3.9704599999999997, 3.3204599999999997, 2.15, 0.7749999999999999, 0.575, 0.5, 0.175, 0.0]
vetor repDynamicProg:  [0, 21, 27, 30, 25, 7, 47, 22, 6, 42, 23, 13, 24, 12, 39, 40, 18, 41, 3, 16, 36, 43, 14, 44, 32, 9, 38, 29, -33, 20, -28, 19, 34, 35, 2, 1, 49, 8, 15, 10, 37, 48, 4, 11, 46, 17, -5, 26, 50, 45, 31, 51]
indice analisado:  30
ponto di: 46
Cmt = 0.225, pontoK = 11
Cll = 1.375


##Testando funcionamento##
indice analisado:  30
conjunto Ti+: [17, 46, 11, 4, 48, 37, 10, 15, 8, 49, 1, 2, 35, 34, 19]
conjunto Ti: []
conjunto Sigma: [0, 0, 0, 0, 0, 0, 0, 0, 0, 0, 0, 1, 0, 0, 0, 0, 0, 0, 0, 0, 0, 0, 0, 0, 0, 0, 0, 0, 0, 0, 0, 0, 0, 0, 0, 0, 0, 0, 0, 0, 0, 0, 0, 0, 0, 0, 1, 0, 0, 0, 0, 0]
conjunto Ci: [0, 0, 0, 0, 0, 0, 0, 0, 0, 0, 0, 0, 0, 0, 0, 0, 0, 0, 0, 0, 0, 0, 0, 0, 0, 0, 0, 0, 0, 0, 14.09546, 12.72046, 12.320459999999999, 11.74546, 11.195459999999999, 10.770459999999998, 9.745459999999998, 8.520459999999998, 8.520459999999998, 8.320459999999999, 7.87046, 6.87046, 5.74546, 4.77046, 3.9704599999999997, 3.3204599999999997, 2.15, 0.7749999999999999, 0.575, 0.5, 0.175, 0.0]
vetor repDynamicProg:  [0, 21, 27, 30, 25, 7, 47, 22, 6, 42, 23, 13, 24, 12, 39, 40, 18, 41, 3, 16, 36, 43, 14, 44, 32, 9, 38, 29, -33, 20, -28, 19, 34, 35, 2, 1, 49, 8, 15, 10, 37, 48, 4, 11, 46, 17, -5, 26, 50, 45, 31, 51]
indice analisado:  29
ponto di: 30
Cmt = inf, pontoK = None
Cll = 1.9558


##Testando funcionamento##
indice analisado:  29
conjunto Ti+: [17, 46, 11, 4, 48, 37, 10, 15, 8, 49, 1, 2, 35, 34, 19]
conjunto Ti: [20]
conjunto Sigma: [0, 0, 0, 0, 0, 0, 0, 0, 0, 0, 0, 1, 0, 0, 0, 0, 0, 0, 0, 0, 0, 0, 0, 0, 0, 0, 0, 0, 0, 0, 0, 0, 0, 0, 0, 0, 0, 0, 0, 0, 0, 0, 0, 0, 0, 0, 1, 0, 0, 0, 0, 0]
conjunto Ci: [0, 0, 0, 0, 0, 0, 0, 0, 0, 0, 0, 0, 0, 0, 0, 0, 0, 0, 0, 0, 0, 0, 0, 0, 0, 0, 0, 0, 0, 16.05126, 14.09546, 12.72046, 12.320459999999999, 11.74546, 11.195459999999999, 10.770459999999998, 9.745459999999998, 8.520459999999998, 8.520459999999998, 8.320459999999999, 7.87046, 6.87046, 5.74546, 4.77046, 3.9704599999999997, 3.3204599999999997, 2.15, 0.7749999999999999, 0.575, 0.5, 0.175, 0.0]
vetor repDynamicProg:  [0, 21, 27, 30, 25, 7, 47, 22, 6, 42, 23, 13, 24, 12, 39, 40, 18, 41, 3, 16, 36, 43, 14, 44, 32, 9, 38, 29, -33, 20, -28, 19, 34, 35, 2, 1, 49, 8, 15, 10, 37, 48, 4, 11, 46, 17, -5, 26, 50, 45, 31, 51]
indice analisado:  28
ponto di: 30
Cmt = 1.525, pontoK = 20
Cll = 2.1


##Testando funcionamento##
indice analisado:  28
conjunto Ti+: [20]
conjunto Ti: []
conjunto Sigma: [0, 0, 0, 0, 0, 0, 0, 0, 0, 0, 0, 1, 0, 0, 0, 0, 0, 0, 0, 0, 1, 0, 0, 0, 0, 0, 0, 0, 0, 0, 0, 0, 0, 0, 0, 0, 0, 0, 0, 0, 0, 0, 0, 0, 0, 0, 1, 0, 0, 0, 0, 0]
conjunto Ci: [0, 0, 0, 0, 0, 0, 0, 0, 0, 0, 0, 0, 0, 0, 0, 0, 0, 0, 0, 0, 0, 0, 0, 0, 0, 0, 0, 0, 18.15126, 16.05126, 14.09546, 12.72046, 12.320459999999999, 11.74546, 11.195459999999999, 10.770459999999998, 9.745459999999998, 8.520459999999998, 8.520459999999998, 8.320459999999999, 7.87046, 6.87046, 5.74546, 4.77046, 3.9704599999999997, 3.3204599999999997, 2.15, 0.7749999999999999, 0.575, 0.5, 0.175, 0.0]
vetor repDynamicProg:  [0, 21, 27, 30, 25, 7, 47, 22, 6, 42, 23, 13, 24, 12, 39, 40, 18, 41, 3, 16, 36, 43, 14, 44, 32, 9, 38, 29, -33, 20, -28, 19, 34, 35, 2, 1, 49, 8, 15, 10, 37, 48, 4, 11, 46, 17, -5, 26, 50, 45, 31, 51]
indice analisado:  27
ponto di: 28
Cmt = inf, pontoK = None
Cll = 2.87113


##Testando funcionamento##
indice analisado:  27
conjunto Ti+: [20]
conjunto Ti: [29]
conjunto Sigma: [0, 0, 0, 0, 0, 0, 0, 0, 0, 0, 0, 1, 0, 0, 0, 0, 0, 0, 0, 0, 1, 0, 0, 0, 0, 0, 0, 0, 0, 0, 0, 0, 0, 0, 0, 0, 0, 0, 0, 0, 0, 0, 0, 0, 0, 0, 1, 0, 0, 0, 0, 0]
conjunto Ci: [0, 0, 0, 0, 0, 0, 0, 0, 0, 0, 0, 0, 0, 0, 0, 0, 0, 0, 0, 0, 0, 0, 0, 0, 0, 0, 0, 21.02239, 18.15126, 16.05126, 14.09546, 12.72046, 12.320459999999999, 11.74546, 11.195459999999999, 10.770459999999998, 9.745459999999998, 8.520459999999998, 8.520459999999998, 8.320459999999999, 7.87046, 6.87046, 5.74546, 4.77046, 3.9704599999999997, 3.3204599999999997, 2.15, 0.7749999999999999, 0.575, 0.5, 0.175, 0.0]
vetor repDynamicProg:  [0, 21, 27, 30, 25, 7, 47, 22, 6, 42, 23, 13, 24, 12, 39, 40, 18, 41, 3, 16, 36, 43, 14, 44, 32, 9, 38, 29, -33, 20, -28, 19, 34, 35, 2, 1, 49, 8, 15, 10, 37, 48, 4, 11, 46, 17, -5, 26, 50, 45, 31, 51]
indice analisado:  26
ponto di: 28
Cmt = 16.80126, pontoK = 29
Cll = 3.1718900000000003


##Testando funcionamento##
indice analisado:  26
conjunto Ti+: [20]
conjunto Ti: [29, 38]
conjunto Sigma: [0, 0, 0, 0, 0, 0, 0, 0, 0, 0, 0, 1, 0, 0, 0, 0, 0, 0, 0, 0, 1, 0, 0, 0, 0, 0, 0, 0, 0, 0, 0, 0, 0, 0, 0, 0, 0, 0, 0, 0, 0, 0, 0, 0, 0, 0, 1, 0, 0, 0, 0, 0]
conjunto Ci: [0, 0, 0, 0, 0, 0, 0, 0, 0, 0, 0, 0, 0, 0, 0, 0, 0, 0, 0, 0, 0, 0, 0, 0, 0, 0, 24.194280000000003, 21.02239, 18.15126, 16.05126, 14.09546, 12.72046, 12.320459999999999, 11.74546, 11.195459999999999, 10.770459999999998, 9.745459999999998, 8.520459999999998, 8.520459999999998, 8.320459999999999, 7.87046, 6.87046, 5.74546, 4.77046, 3.9704599999999997, 3.3204599999999997, 2.15, 0.7749999999999999, 0.575, 0.5, 0.175, 0.0]
vetor repDynamicProg:  [0, 21, 27, 30, 25, 7, 47, 22, 6, 42, 23, 13, 24, 12, 39, 40, 18, 41, 3, 16, 36, 43, 14, 44, 32, 9, 38, 29, -33, 20, -28, 19, 34, 35, 2, 1, 49, 8, 15, 10, 37, 48, 4, 11, 46, 17, -5, 26, 50, 45, 31, 51]
indice analisado:  25
ponto di: 28
Cmt = 9.045459999999999, pontoK = 38
Cll = 3.03281


##Testando funcionamento##
indice analisado:  25
conjunto Ti+: [20]
conjunto Ti: [29, 38, 9]
conjunto Sigma: [0, 0, 0, 0, 0, 0, 0, 0, 0, 0, 0, 1, 0, 0, 0, 0, 0, 0, 0, 0, 1, 0, 0, 0, 0, 0, 0, 0, 0, 0, 0, 0, 0, 0, 0, 0, 0, 0, 0, 0, 0, 0, 0, 0, 0, 0, 1, 0, 0, 0, 0, 0]
conjunto Ci: [0, 0, 0, 0, 0, 0, 0, 0, 0, 0, 0, 0, 0, 0, 0, 0, 0, 0, 0, 0, 0, 0, 0, 0, 0, 27.227090000000004, 24.194280000000003, 21.02239, 18.15126, 16.05126, 14.09546, 12.72046, 12.320459999999999, 11.74546, 11.195459999999999, 10.770459999999998, 9.745459999999998, 8.520459999999998, 8.520459999999998, 8.320459999999999, 7.87046, 6.87046, 5.74546, 4.77046, 3.9704599999999997, 3.3204599999999997, 2.15, 0.7749999999999999, 0.575, 0.5, 0.175, 0.0]
vetor repDynamicProg:  [0, 21, 27, 30, 25, 7, 47, 22, 6, 42, 23, 13, 24, 12, 39, 40, 18, 41, 3, 16, 36, 43, 14, 44, 32, 9, 38, 29, -33, 20, -28, 19, 34, 35, 2, 1, 49, 8, 15, 10, 37, 48, 4, 11, 46, 17, -5, 26, 50, 45, 31, 51]
indice analisado:  24
ponto di: 28
Cmt = 2.375, pontoK = 9
Cll = 3.32684


##Testando funcionamento##
indice analisado:  24
conjunto Ti+: [20]
conjunto Ti: [29, 38, 9, 32]
conjunto Sigma: [0, 0, 0, 0, 0, 0, 0, 0, 0, 0, 0, 1, 0, 0, 0, 0, 0, 0, 0, 0, 1, 0, 0, 0, 0, 0, 0, 0, 0, 0, 0, 0, 0, 0, 0, 0, 0, 0, 0, 0, 0, 0, 0, 0, 0, 0, 1, 0, 0, 0, 0, 0]
conjunto Ci: [0, 0, 0, 0, 0, 0, 0, 0, 0, 0, 0, 0, 0, 0, 0, 0, 0, 0, 0, 0, 0, 0, 0, 0, 29.602090000000004, 27.227090000000004, 24.194280000000003, 21.02239, 18.15126, 16.05126, 14.09546, 12.72046, 12.320459999999999, 11.74546, 11.195459999999999, 10.770459999999998, 9.745459999999998, 8.520459999999998, 8.520459999999998, 8.320459999999999, 7.87046, 6.87046, 5.74546, 4.77046, 3.9704599999999997, 3.3204599999999997, 2.15, 0.7749999999999999, 0.575, 0.5, 0.175, 0.0]
vetor repDynamicProg:  [0, 21, 27, 30, 25, 7, 47, 22, 6, 42, 23, 13, 24, 12, 39, 40, 18, 41, 3, 16, 36, 43, 14, 44, 32, 9, 38, 29, -33, 20, -28, 19, 34, 35, 2, 1, 49, 8, 15, 10, 37, 48, 4, 11, 46, 17, -5, 26, 50, 45, 31, 51]
indice analisado:  23
ponto di: 28
Cmt = 2.2, pontoK = 9
Cll = 3.37733


##Testando funcionamento##
indice analisado:  23
conjunto Ti+: [20]
conjunto Ti: [29, 38, 9, 32, 44]
conjunto Sigma: [0, 0, 0, 0, 0, 0, 0, 0, 0, 0, 0, 1, 0, 0, 0, 0, 0, 0, 0, 0, 1, 0, 0, 0, 0, 0, 0, 0, 0, 0, 0, 0, 0, 0, 0, 0, 0, 0, 0, 0, 0, 0, 0, 0, 0, 0, 1, 0, 0, 0, 0, 0]
conjunto Ci: [0, 0, 0, 0, 0, 0, 0, 0, 0, 0, 0, 0, 0, 0, 0, 0, 0, 0, 0, 0, 0, 0, 0, 31.802090000000003, 29.602090000000004, 27.227090000000004, 24.194280000000003, 21.02239, 18.15126, 16.05126, 14.09546, 12.72046, 12.320459999999999, 11.74546, 11.195459999999999, 10.770459999999998, 9.745459999999998, 8.520459999999998, 8.520459999999998, 8.320459999999999, 7.87046, 6.87046, 5.74546, 4.77046, 3.9704599999999997, 3.3204599999999997, 2.15, 0.7749999999999999, 0.575, 0.5, 0.175, 0.0]
vetor repDynamicProg:  [0, 21, 27, 30, 25, 7, 47, 22, 6, 42, 23, 13, 24, 12, 39, 40, 18, 41, 3, 16, 36, 43, 14, 44, 32, 9, 38, 29, -33, 20, -28, 19, 34, 35, 2, 1, 49, 8, 15, 10, 37, 48, 4, 11, 46, 17, -5, 26, 50, 45, 31, 51]
indice analisado:  22
ponto di: 28
Cmt = 1.975, pontoK = 9
Cll = 3.26967


##Testando funcionamento##
indice analisado:  22
conjunto Ti+: [20]
conjunto Ti: [29, 38, 9, 32, 44, 14]
conjunto Sigma: [0, 0, 0, 0, 0, 0, 0, 0, 0, 0, 0, 1, 0, 0, 0, 0, 0, 0, 0, 0, 1, 0, 0, 0, 0, 0, 0, 0, 0, 0, 0, 0, 0, 0, 0, 0, 0, 0, 0, 0, 0, 0, 0, 0, 0, 0, 1, 0, 0, 0, 0, 0]
conjunto Ci: [0, 0, 0, 0, 0, 0, 0, 0, 0, 0, 0, 0, 0, 0, 0, 0, 0, 0, 0, 0, 0, 0, 33.77709, 31.802090000000003, 29.602090000000004, 27.227090000000004, 24.194280000000003, 21.02239, 18.15126, 16.05126, 14.09546, 12.72046, 12.320459999999999, 11.74546, 11.195459999999999, 10.770459999999998, 9.745459999999998, 8.520459999999998, 8.520459999999998, 8.320459999999999, 7.87046, 6.87046, 5.74546, 4.77046, 3.9704599999999997, 3.3204599999999997, 2.15, 0.7749999999999999, 0.575, 0.5, 0.175, 0.0]
vetor repDynamicProg:  [0, 21, 27, 30, 25, 7, 47, 22, 6, 42, 23, 13, 24, 12, 39, 40, 18, 41, 3, 16, 36, 43, 14, 44, 32, 9, 38, 29, -33, 20, -28, 19, 34, 35, 2, 1, 49, 8, 15, 10, 37, 48, 4, 11, 46, 17, -5, 26, 50, 45, 31, 51]
indice analisado:  21
ponto di: 28
Cmt = 0.85, pontoK = 14
Cll = 3.36508


##Testando funcionamento##
indice analisado:  21
conjunto Ti+: [20]
conjunto Ti: [29, 38, 9, 32, 44, 14, 43]
conjunto Sigma: [0, 0, 0, 0, 0, 0, 0, 0, 0, 0, 0, 1, 0, 0, 0, 0, 0, 0, 0, 0, 1, 0, 0, 0, 0, 0, 0, 0, 0, 0, 0, 0, 0, 0, 0, 0, 0, 0, 0, 0, 0, 0, 0, 0, 0, 0, 1, 0, 0, 0, 0, 0]
conjunto Ci: [0, 0, 0, 0, 0, 0, 0, 0, 0, 0, 0, 0, 0, 0, 0, 0, 0, 0, 0, 0, 0, 34.62709, 33.77709, 31.802090000000003, 29.602090000000004, 27.227090000000004, 24.194280000000003, 21.02239, 18.15126, 16.05126, 14.09546, 12.72046, 12.320459999999999, 11.74546, 11.195459999999999, 10.770459999999998, 9.745459999999998, 8.520459999999998, 8.520459999999998, 8.320459999999999, 7.87046, 6.87046, 5.74546, 4.77046, 3.9704599999999997, 3.3204599999999997, 2.15, 0.7749999999999999, 0.575, 0.5, 0.175, 0.0]
vetor repDynamicProg:  [0, 21, 27, 30, 25, 7, 47, 22, 6, 42, 23, 13, 24, 12, 39, 40, 18, 41, 3, 16, 36, 43, 14, 44, 32, 9, 38, 29, -33, 20, -28, 19, 34, 35, 2, 1, 49, 8, 15, 10, 37, 48, 4, 11, 46, 17, -5, 26, 50, 45, 31, 51]
indice analisado:  20
ponto di: 28
Cmt = 1.075, pontoK = 14
Cll = 3.19146


##Testando funcionamento##
indice analisado:  20
conjunto Ti+: [20]
conjunto Ti: [29, 38, 9, 32, 44, 14, 43, 36]
conjunto Sigma: [0, 0, 0, 0, 0, 0, 0, 0, 0, 0, 0, 1, 0, 0, 0, 0, 0, 0, 0, 0, 1, 0, 0, 0, 0, 0, 0, 0, 0, 0, 0, 0, 0, 0, 0, 0, 0, 0, 0, 0, 0, 0, 0, 0, 0, 0, 1, 0, 0, 0, 0, 0]
conjunto Ci: [0, 0, 0, 0, 0, 0, 0, 0, 0, 0, 0, 0, 0, 0, 0, 0, 0, 0, 0, 0, 35.702090000000005, 34.62709, 33.77709, 31.802090000000003, 29.602090000000004, 27.227090000000004, 24.194280000000003, 21.02239, 18.15126, 16.05126, 14.09546, 12.72046, 12.320459999999999, 11.74546, 11.195459999999999, 10.770459999999998, 9.745459999999998, 8.520459999999998, 8.520459999999998, 8.320459999999999, 7.87046, 6.87046, 5.74546, 4.77046, 3.9704599999999997, 3.3204599999999997, 2.15, 0.7749999999999999, 0.575, 0.5, 0.175, 0.0]
vetor repDynamicProg:  [0, 21, 27, 30, 25, 7, 47, 22, 6, 42, 23, 13, 24, 12, 39, 40, 18, 41, 3, 16, 36, 43, 14, 44, 32, 9, 38, 29, -33, 20, -28, 19, 34, 35, 2, 1, 49, 8, 15, 10, 37, 48, 4, 11, 46, 17, -5, 26, 50, 45, 31, 51]
indice analisado:  19
ponto di: 28
Cmt = 0.975, pontoK = 14
Cll = 3.24817


##Testando funcionamento##
indice analisado:  19
conjunto Ti+: [20]
conjunto Ti: [29, 38, 9, 32, 44, 14, 43, 36, 16]
conjunto Sigma: [0, 0, 0, 0, 0, 0, 0, 0, 0, 0, 0, 1, 0, 0, 0, 0, 0, 0, 0, 0, 1, 0, 0, 0, 0, 0, 0, 0, 0, 0, 0, 0, 0, 0, 0, 0, 0, 0, 0, 0, 0, 0, 0, 0, 0, 0, 1, 0, 0, 0, 0, 0]
conjunto Ci: [0, 0, 0, 0, 0, 0, 0, 0, 0, 0, 0, 0, 0, 0, 0, 0, 0, 0, 0, 36.67709000000001, 35.702090000000005, 34.62709, 33.77709, 31.802090000000003, 29.602090000000004, 27.227090000000004, 24.194280000000003, 21.02239, 18.15126, 16.05126, 14.09546, 12.72046, 12.320459999999999, 11.74546, 11.195459999999999, 10.770459999999998, 9.745459999999998, 8.520459999999998, 8.520459999999998, 8.320459999999999, 7.87046, 6.87046, 5.74546, 4.77046, 3.9704599999999997, 3.3204599999999997, 2.15, 0.7749999999999999, 0.575, 0.5, 0.175, 0.0]
vetor repDynamicProg:  [0, 21, 27, 30, 25, 7, 47, 22, 6, 42, 23, 13, 24, 12, 39, 40, 18, 41, 3, 16, 36, 43, 14, 44, 32, 9, 38, 29, -33, 20, -28, 19, 34, 35, 2, 1, 49, 8, 15, 10, 37, 48, 4, 11, 46, 17, -5, 26, 50, 45, 31, 51]
indice analisado:  18
ponto di: 28
Cmt = 0.5, pontoK = 16
Cll = 3.31869


##Testando funcionamento##
indice analisado:  18
conjunto Ti+: [20]
conjunto Ti: [29, 38, 9, 32, 44, 14, 43, 36, 16, 3]
conjunto Sigma: [0, 0, 0, 0, 0, 0, 0, 0, 0, 0, 0, 1, 0, 0, 0, 0, 0, 0, 0, 0, 1, 0, 0, 0, 0, 0, 0, 0, 0, 0, 0, 0, 0, 0, 0, 0, 0, 0, 0, 0, 0, 0, 0, 0, 0, 0, 1, 0, 0, 0, 0, 0]
conjunto Ci: [0, 0, 0, 0, 0, 0, 0, 0, 0, 0, 0, 0, 0, 0, 0, 0, 0, 0, 37.17709000000001, 36.67709000000001, 35.702090000000005, 34.62709, 33.77709, 31.802090000000003, 29.602090000000004, 27.227090000000004, 24.194280000000003, 21.02239, 18.15126, 16.05126, 14.09546, 12.72046, 12.320459999999999, 11.74546, 11.195459999999999, 10.770459999999998, 9.745459999999998, 8.520459999999998, 8.520459999999998, 8.320459999999999, 7.87046, 6.87046, 5.74546, 4.77046, 3.9704599999999997, 3.3204599999999997, 2.15, 0.7749999999999999, 0.575, 0.5, 0.175, 0.0]
vetor repDynamicProg:  [0, 21, 27, 30, 25, 7, 47, 22, 6, 42, 23, 13, 24, 12, 39, 40, 18, 41, 3, 16, 36, 43, 14, 44, 32, 9, 38, 29, -33, 20, -28, 19, 34, 35, 2, 1, 49, 8, 15, 10, 37, 48, 4, 11, 46, 17, -5, 26, 50, 45, 31, 51]
indice analisado:  17
ponto di: 28
Cmt = 0.275, pontoK = 16
Cll = 3.59573


##Testando funcionamento##
indice analisado:  17
conjunto Ti+: [20]
conjunto Ti: [29, 38, 9, 32, 44, 14, 43, 36, 16, 3, 41]
conjunto Sigma: [0, 0, 0, 0, 0, 0, 0, 0, 0, 0, 0, 1, 0, 0, 0, 0, 0, 0, 0, 0, 1, 0, 0, 0, 0, 0, 0, 0, 0, 0, 0, 0, 0, 0, 0, 0, 0, 0, 0, 0, 0, 0, 0, 0, 0, 0, 1, 0, 0, 0, 0, 0]
conjunto Ci: [0, 0, 0, 0, 0, 0, 0, 0, 0, 0, 0, 0, 0, 0, 0, 0, 0, 37.452090000000005, 37.17709000000001, 36.67709000000001, 35.702090000000005, 34.62709, 33.77709, 31.802090000000003, 29.602090000000004, 27.227090000000004, 24.194280000000003, 21.02239, 18.15126, 16.05126, 14.09546, 12.72046, 12.320459999999999, 11.74546, 11.195459999999999, 10.770459999999998, 9.745459999999998, 8.520459999999998, 8.520459999999998, 8.320459999999999, 7.87046, 6.87046, 5.74546, 4.77046, 3.9704599999999997, 3.3204599999999997, 2.15, 0.7749999999999999, 0.575, 0.5, 0.175, 0.0]
vetor repDynamicProg:  [0, 21, 27, 30, 25, 7, 47, 22, 6, 42, 23, 13, 24, 12, 39, 40, 18, 41, 3, 16, 36, 43, 14, 44, 32, 9, 38, 29, -33, 20, -28, 19, 34, 35, 2, 1, 49, 8, 15, 10, 37, 48, 4, 11, 46, 17, -5, 26, 50, 45, 31, 51]
indice analisado:  16
ponto di: 28
Cmt = 0.0, pontoK = 16
Cll = 3.66914


##Testando funcionamento##
indice analisado:  16
conjunto Ti+: [20]
conjunto Ti: [29, 38, 9, 32, 44, 14, 43, 36, 16, 3, 41, 18]
conjunto Sigma: [0, 0, 0, 0, 0, 0, 0, 0, 0, 0, 0, 1, 0, 0, 0, 0, 0, 0, 0, 0, 1, 0, 0, 0, 0, 0, 0, 0, 0, 0, 0, 0, 0, 0, 0, 0, 0, 0, 0, 0, 0, 0, 0, 0, 0, 0, 1, 0, 0, 0, 0, 0]
conjunto Ci: [0, 0, 0, 0, 0, 0, 0, 0, 0, 0, 0, 0, 0, 0, 0, 0, 37.452090000000005, 37.452090000000005, 37.17709000000001, 36.67709000000001, 35.702090000000005, 34.62709, 33.77709, 31.802090000000003, 29.602090000000004, 27.227090000000004, 24.194280000000003, 21.02239, 18.15126, 16.05126, 14.09546, 12.72046, 12.320459999999999, 11.74546, 11.195459999999999, 10.770459999999998, 9.745459999999998, 8.520459999999998, 8.520459999999998, 8.320459999999999, 7.87046, 6.87046, 5.74546, 4.77046, 3.9704599999999997, 3.3204599999999997, 2.15, 0.7749999999999999, 0.575, 0.5, 0.175, 0.0]
vetor repDynamicProg:  [0, 21, 27, 30, 25, 7, 47, 22, 6, 42, 23, 13, 24, 12, 39, 40, 18, 41, 3, 16, 36, 43, 14, 44, 32, 9, 38, 29, -33, 20, -28, 19, 34, 35, 2, 1, 49, 8, 15, 10, 37, 48, 4, 11, 46, 17, -5, 26, 50, 45, 31, 51]
indice analisado:  15
ponto di: 28
Cmt = 0.4, pontoK = 14
Cll = 3.65498


##Testando funcionamento##
indice analisado:  15
conjunto Ti+: [20]
conjunto Ti: [29, 38, 9, 32, 44, 14, 43, 36, 16, 3, 41, 18, 40]
conjunto Sigma: [0, 0, 0, 0, 0, 0, 0, 0, 0, 0, 0, 1, 0, 0, 0, 0, 0, 0, 0, 0, 1, 0, 0, 0, 0, 0, 0, 0, 0, 0, 0, 0, 0, 0, 0, 0, 0, 0, 0, 0, 0, 0, 0, 0, 0, 0, 1, 0, 0, 0, 0, 0]
conjunto Ci: [0, 0, 0, 0, 0, 0, 0, 0, 0, 0, 0, 0, 0, 0, 0, 37.852090000000004, 37.452090000000005, 37.452090000000005, 37.17709000000001, 36.67709000000001, 35.702090000000005, 34.62709, 33.77709, 31.802090000000003, 29.602090000000004, 27.227090000000004, 24.194280000000003, 21.02239, 18.15126, 16.05126, 14.09546, 12.72046, 12.320459999999999, 11.74546, 11.195459999999999, 10.770459999999998, 9.745459999999998, 8.520459999999998, 8.520459999999998, 8.320459999999999, 7.87046, 6.87046, 5.74546, 4.77046, 3.9704599999999997, 3.3204599999999997, 2.15, 0.7749999999999999, 0.575, 0.5, 0.175, 0.0]
vetor repDynamicProg:  [0, 21, 27, 30, 25, 7, 47, 22, 6, 42, 23, 13, 24, 12, 39, 40, 18, 41, 3, 16, 36, 43, 14, 44, 32, 9, 38, 29, -33, 20, -28, 19, 34, 35, 2, 1, 49, 8, 15, 10, 37, 48, 4, 11, 46, 17, -5, 26, 50, 45, 31, 51]
indice analisado:  14
ponto di: 28
Cmt = 0.0, pontoK = 14
Cll = 3.93421


##Testando funcionamento##
indice analisado:  14
conjunto Ti+: [20]
conjunto Ti: [29, 38, 9, 32, 44, 14, 43, 36, 16, 3, 41, 18, 40, 39]
conjunto Sigma: [0, 0, 0, 0, 0, 0, 0, 0, 0, 0, 0, 1, 0, 0, 0, 0, 0, 0, 0, 0, 1, 0, 0, 0, 0, 0, 0, 0, 0, 0, 0, 0, 0, 0, 0, 0, 0, 0, 0, 0, 0, 0, 0, 0, 0, 0, 1, 0, 0, 0, 0, 0]
conjunto Ci: [0, 0, 0, 0, 0, 0, 0, 0, 0, 0, 0, 0, 0, 0, 37.852090000000004, 37.852090000000004, 37.452090000000005, 37.452090000000005, 37.17709000000001, 36.67709000000001, 35.702090000000005, 34.62709, 33.77709, 31.802090000000003, 29.602090000000004, 27.227090000000004, 24.194280000000003, 21.02239, 18.15126, 16.05126, 14.09546, 12.72046, 12.320459999999999, 11.74546, 11.195459999999999, 10.770459999999998, 9.745459999999998, 8.520459999999998, 8.520459999999998, 8.320459999999999, 7.87046, 6.87046, 5.74546, 4.77046, 3.9704599999999997, 3.3204599999999997, 2.15, 0.7749999999999999, 0.575, 0.5, 0.175, 0.0]
vetor repDynamicProg:  [0, 21, 27, 30, 25, 7, 47, 22, 6, 42, 23, 13, 24, 12, 39, 40, 18, 41, 3, 16, 36, 43, 14, 44, 32, 9, 38, 29, -33, 20, -28, 19, 34, 35, 2, 1, 49, 8, 15, 10, 37, 48, 4, 11, 46, 17, -5, 26, 50, 45, 31, 51]
indice analisado:  13
ponto di: 28
Cmt = 0.975, pontoK = 9
Cll = 3.6354100000000003


##Testando funcionamento##
indice analisado:  13
conjunto Ti+: [20]
conjunto Ti: [29, 38, 9, 32, 44, 14, 43, 36, 16, 3, 41, 18, 40, 39, 12]
conjunto Sigma: [0, 0, 0, 0, 0, 0, 0, 0, 0, 0, 0, 1, 0, 0, 0, 0, 0, 0, 0, 0, 1, 0, 0, 0, 0, 0, 0, 0, 0, 0, 0, 0, 0, 0, 0, 0, 0, 0, 0, 0, 0, 0, 0, 0, 0, 0, 1, 0, 0, 0, 0, 0]
conjunto Ci: [0, 0, 0, 0, 0, 0, 0, 0, 0, 0, 0, 0, 0, 38.827090000000005, 37.852090000000004, 37.852090000000004, 37.452090000000005, 37.452090000000005, 37.17709000000001, 36.67709000000001, 35.702090000000005, 34.62709, 33.77709, 31.802090000000003, 29.602090000000004, 27.227090000000004, 24.194280000000003, 21.02239, 18.15126, 16.05126, 14.09546, 12.72046, 12.320459999999999, 11.74546, 11.195459999999999, 10.770459999999998, 9.745459999999998, 8.520459999999998, 8.520459999999998, 8.320459999999999, 7.87046, 6.87046, 5.74546, 4.77046, 3.9704599999999997, 3.3204599999999997, 2.15, 0.7749999999999999, 0.575, 0.5, 0.175, 0.0]
vetor repDynamicProg:  [0, 21, 27, 30, 25, 7, 47, 22, 6, 42, 23, 13, 24, 12, 39, 40, 18, 41, 3, 16, 36, 43, 14, 44, 32, 9, 38, 29, -33, 20, -28, 19, 34, 35, 2, 1, 49, 8, 15, 10, 37, 48, 4, 11, 46, 17, -5, 26, 50, 45, 31, 51]
indice analisado:  12
ponto di: 28
Cmt = 0.0, pontoK = 12
Cll = 3.4420200000000003


##Testando funcionamento##
indice analisado:  12
conjunto Ti+: [20]
conjunto Ti: [29, 38, 9, 32, 44, 14, 43, 36, 16, 3, 41, 18, 40, 39, 12, 24]
conjunto Sigma: [0, 0, 0, 0, 0, 0, 0, 0, 0, 0, 0, 1, 0, 0, 0, 0, 0, 0, 0, 0, 1, 0, 0, 0, 0, 0, 0, 0, 0, 0, 0, 0, 0, 0, 0, 0, 0, 0, 0, 0, 0, 0, 0, 0, 0, 0, 1, 0, 0, 0, 0, 0]
conjunto Ci: [0, 0, 0, 0, 0, 0, 0, 0, 0, 0, 0, 0, 38.827090000000005, 38.827090000000005, 37.852090000000004, 37.852090000000004, 37.452090000000005, 37.452090000000005, 37.17709000000001, 36.67709000000001, 35.702090000000005, 34.62709, 33.77709, 31.802090000000003, 29.602090000000004, 27.227090000000004, 24.194280000000003, 21.02239, 18.15126, 16.05126, 14.09546, 12.72046, 12.320459999999999, 11.74546, 11.195459999999999, 10.770459999999998, 9.745459999999998, 8.520459999999998, 8.520459999999998, 8.320459999999999, 7.87046, 6.87046, 5.74546, 4.77046, 3.9704599999999997, 3.3204599999999997, 2.15, 0.7749999999999999, 0.575, 0.5, 0.175, 0.0]
vetor repDynamicProg:  [0, 21, 27, 30, 25, 7, 47, 22, 6, 42, 23, 13, 24, 12, 39, 40, 18, 41, 3, 16, 36, 43, 14, 44, 32, 9, 38, 29, -33, 20, -28, 19, 34, 35, 2, 1, 49, 8, 15, 10, 37, 48, 4, 11, 46, 17, -5, 26, 50, 45, 31, 51]
indice analisado:  11
ponto di: 28
Cmt = 0.725, pontoK = 9
Cll = 3.28973


##Testando funcionamento##
indice analisado:  11
conjunto Ti+: [20]
conjunto Ti: [29, 38, 9, 32, 44, 14, 43, 36, 16, 3, 41, 18, 40, 39, 12, 24, 13]
conjunto Sigma: [0, 0, 0, 0, 0, 0, 0, 0, 0, 0, 0, 1, 0, 0, 0, 0, 0, 0, 0, 0, 1, 0, 0, 0, 0, 0, 0, 0, 0, 0, 0, 0, 0, 0, 0, 0, 0, 0, 0, 0, 0, 0, 0, 0, 0, 0, 1, 0, 0, 0, 0, 0]
conjunto Ci: [0, 0, 0, 0, 0, 0, 0, 0, 0, 0, 0, 39.55209000000001, 38.827090000000005, 38.827090000000005, 37.852090000000004, 37.852090000000004, 37.452090000000005, 37.452090000000005, 37.17709000000001, 36.67709000000001, 35.702090000000005, 34.62709, 33.77709, 31.802090000000003, 29.602090000000004, 27.227090000000004, 24.194280000000003, 21.02239, 18.15126, 16.05126, 14.09546, 12.72046, 12.320459999999999, 11.74546, 11.195459999999999, 10.770459999999998, 9.745459999999998, 8.520459999999998, 8.520459999999998, 8.320459999999999, 7.87046, 6.87046, 5.74546, 4.77046, 3.9704599999999997, 3.3204599999999997, 2.15, 0.7749999999999999, 0.575, 0.5, 0.175, 0.0]
vetor repDynamicProg:  [0, 21, 27, 30, 25, 7, 47, 22, 6, 42, 23, 13, 24, 12, 39, 40, 18, 41, 3, 16, 36, 43, 14, 44, 32, 9, 38, 29, -33, 20, -28, 19, 34, 35, 2, 1, 49, 8, 15, 10, 37, 48, 4, 11, 46, 17, -5, 26, 50, 45, 31, 51]
indice analisado:  10
ponto di: 28
Cmt = 0.375, pontoK = 9
Cll = 3.35


##Testando funcionamento##
indice analisado:  10
conjunto Ti+: [20]
conjunto Ti: [29, 38, 9, 32, 44, 14, 43, 36, 16, 3, 41, 18, 40, 39, 12, 24, 13, 23]
conjunto Sigma: [0, 0, 0, 0, 0, 0, 0, 0, 0, 0, 0, 1, 0, 0, 0, 0, 0, 0, 0, 0, 1, 0, 0, 0, 0, 0, 0, 0, 0, 0, 0, 0, 0, 0, 0, 0, 0, 0, 0, 0, 0, 0, 0, 0, 0, 0, 1, 0, 0, 0, 0, 0]
conjunto Ci: [0, 0, 0, 0, 0, 0, 0, 0, 0, 0, 39.92709000000001, 39.55209000000001, 38.827090000000005, 38.827090000000005, 37.852090000000004, 37.852090000000004, 37.452090000000005, 37.452090000000005, 37.17709000000001, 36.67709000000001, 35.702090000000005, 34.62709, 33.77709, 31.802090000000003, 29.602090000000004, 27.227090000000004, 24.194280000000003, 21.02239, 18.15126, 16.05126, 14.09546, 12.72046, 12.320459999999999, 11.74546, 11.195459999999999, 10.770459999999998, 9.745459999999998, 8.520459999999998, 8.520459999999998, 8.320459999999999, 7.87046, 6.87046, 5.74546, 4.77046, 3.9704599999999997, 3.3204599999999997, 2.15, 0.7749999999999999, 0.575, 0.5, 0.175, 0.0]
vetor repDynamicProg:  [0, 21, 27, 30, 25, 7, 47, 22, 6, 42, 23, 13, 24, 12, 39, 40, 18, 41, 3, 16, 36, 43, 14, 44, 32, 9, 38, 29, -33, 20, -28, 19, 34, 35, 2, 1, 49, 8, 15, 10, 37, 48, 4, 11, 46, 17, -5, 26, 50, 45, 31, 51]
indice analisado:  9
ponto di: 28
Cmt = 0.0, pontoK = 9
Cll = 3.725


##Testando funcionamento##
indice analisado:  9
conjunto Ti+: [20]
conjunto Ti: [29, 38, 9, 32, 44, 14, 43, 36, 16, 3, 41, 18, 40, 39, 12, 24, 13, 23, 42]
conjunto Sigma: [0, 0, 0, 0, 0, 0, 0, 0, 0, 0, 0, 1, 0, 0, 0, 0, 0, 0, 0, 0, 1, 0, 0, 0, 0, 0, 0, 0, 0, 0, 0, 0, 0, 0, 0, 0, 0, 0, 0, 0, 0, 0, 0, 0, 0, 0, 1, 0, 0, 0, 0, 0]
conjunto Ci: [0, 0, 0, 0, 0, 0, 0, 0, 0, 39.92709000000001, 39.92709000000001, 39.55209000000001, 38.827090000000005, 38.827090000000005, 37.852090000000004, 37.852090000000004, 37.452090000000005, 37.452090000000005, 37.17709000000001, 36.67709000000001, 35.702090000000005, 34.62709, 33.77709, 31.802090000000003, 29.602090000000004, 27.227090000000004, 24.194280000000003, 21.02239, 18.15126, 16.05126, 14.09546, 12.72046, 12.320459999999999, 11.74546, 11.195459999999999, 10.770459999999998, 9.745459999999998, 8.520459999999998, 8.520459999999998, 8.320459999999999, 7.87046, 6.87046, 5.74546, 4.77046, 3.9704599999999997, 3.3204599999999997, 2.15, 0.7749999999999999, 0.575, 0.5, 0.175, 0.0]
vetor repDynamicProg:  [0, 21, 27, 30, 25, 7, 47, 22, 6, 42, 23, 13, 24, 12, 39, 40, 18, 41, 3, 16, 36, 43, 14, 44, 32, 9, 38, 29, -33, 20, -28, 19, 34, 35, 2, 1, 49, 8, 15, 10, 37, 48, 4, 11, 46, 17, -5, 26, 50, 45, 31, 51]
indice analisado:  8
ponto di: 28
Cmt = 0.65, pontoK = 3
Cll = 3.4


##Testando funcionamento##
indice analisado:  8
conjunto Ti+: [20]
conjunto Ti: [29, 38, 9, 32, 44, 14, 43, 36, 16, 3, 41, 18, 40, 39, 12, 24, 13, 23, 42, 6]
conjunto Sigma: [0, 0, 0, 0, 0, 0, 0, 0, 0, 0, 0, 1, 0, 0, 0, 0, 0, 0, 0, 0, 1, 0, 0, 0, 0, 0, 0, 0, 0, 0, 0, 0, 0, 0, 0, 0, 0, 0, 0, 0, 0, 0, 0, 0, 0, 0, 1, 0, 0, 0, 0, 0]
conjunto Ci: [0, 0, 0, 0, 0, 0, 0, 0, 40.577090000000005, 39.92709000000001, 39.92709000000001, 39.55209000000001, 38.827090000000005, 38.827090000000005, 37.852090000000004, 37.852090000000004, 37.452090000000005, 37.452090000000005, 37.17709000000001, 36.67709000000001, 35.702090000000005, 34.62709, 33.77709, 31.802090000000003, 29.602090000000004, 27.227090000000004, 24.194280000000003, 21.02239, 18.15126, 16.05126, 14.09546, 12.72046, 12.320459999999999, 11.74546, 11.195459999999999, 10.770459999999998, 9.745459999999998, 8.520459999999998, 8.520459999999998, 8.320459999999999, 7.87046, 6.87046, 5.74546, 4.77046, 3.9704599999999997, 3.3204599999999997, 2.15, 0.7749999999999999, 0.575, 0.5, 0.175, 0.0]
vetor repDynamicProg:  [0, 21, 27, 30, 25, 7, 47, 22, 6, 42, 23, 13, 24, 12, 39, 40, 18, 41, 3, 16, 36, 43, 14, 44, 32, 9, 38, 29, -33, 20, -28, 19, 34, 35, 2, 1, 49, 8, 15, 10, 37, 48, 4, 11, 46, 17, -5, 26, 50, 45, 31, 51]
indice analisado:  7
ponto di: 28
Cmt = 0.275, pontoK = 6
Cll = 3.275


##Testando funcionamento##
indice analisado:  7
conjunto Ti+: [20]
conjunto Ti: [29, 38, 9, 32, 44, 14, 43, 36, 16, 3, 41, 18, 40, 39, 12, 24, 13, 23, 42, 6, 22]
conjunto Sigma: [0, 0, 0, 0, 0, 0, 0, 0, 0, 0, 0, 1, 0, 0, 0, 0, 0, 0, 0, 0, 1, 0, 0, 0, 0, 0, 0, 0, 0, 0, 0, 0, 0, 0, 0, 0, 0, 0, 0, 0, 0, 0, 0, 0, 0, 0, 1, 0, 0, 0, 0, 0]
conjunto Ci: [0, 0, 0, 0, 0, 0, 0, 40.852090000000004, 40.577090000000005, 39.92709000000001, 39.92709000000001, 39.55209000000001, 38.827090000000005, 38.827090000000005, 37.852090000000004, 37.852090000000004, 37.452090000000005, 37.452090000000005, 37.17709000000001, 36.67709000000001, 35.702090000000005, 34.62709, 33.77709, 31.802090000000003, 29.602090000000004, 27.227090000000004, 24.194280000000003, 21.02239, 18.15126, 16.05126, 14.09546, 12.72046, 12.320459999999999, 11.74546, 11.195459999999999, 10.770459999999998, 9.745459999999998, 8.520459999999998, 8.520459999999998, 8.320459999999999, 7.87046, 6.87046, 5.74546, 4.77046, 3.9704599999999997, 3.3204599999999997, 2.15, 0.7749999999999999, 0.575, 0.5, 0.175, 0.0]
vetor repDynamicProg:  [0, 21, 27, 30, 25, 7, 47, 22, 6, 42, 23, 13, 24, 12, 39, 40, 18, 41, 3, 16, 36, 43, 14, 44, 32, 9, 38, 29, -33, 20, -28, 19, 34, 35, 2, 1, 49, 8, 15, 10, 37, 48, 4, 11, 46, 17, -5, 26, 50, 45, 31, 51]
indice analisado:  6
ponto di: 28
Cmt = 0.0, pontoK = 6
Cll = 3.0


##Testando funcionamento##
indice analisado:  6
conjunto Ti+: [20]
conjunto Ti: [29, 38, 9, 32, 44, 14, 43, 36, 16, 3, 41, 18, 40, 39, 12, 24, 13, 23, 42, 6, 22, 47]
conjunto Sigma: [0, 0, 0, 0, 0, 0, 0, 0, 0, 0, 0, 1, 0, 0, 0, 0, 0, 0, 0, 0, 1, 0, 0, 0, 0, 0, 0, 0, 0, 0, 0, 0, 0, 0, 0, 0, 0, 0, 0, 0, 0, 0, 0, 0, 0, 0, 1, 0, 0, 0, 0, 0]
conjunto Ci: [0, 0, 0, 0, 0, 0, 40.852090000000004, 40.852090000000004, 40.577090000000005, 39.92709000000001, 39.92709000000001, 39.55209000000001, 38.827090000000005, 38.827090000000005, 37.852090000000004, 37.852090000000004, 37.452090000000005, 37.452090000000005, 37.17709000000001, 36.67709000000001, 35.702090000000005, 34.62709, 33.77709, 31.802090000000003, 29.602090000000004, 27.227090000000004, 24.194280000000003, 21.02239, 18.15126, 16.05126, 14.09546, 12.72046, 12.320459999999999, 11.74546, 11.195459999999999, 10.770459999999998, 9.745459999999998, 8.520459999999998, 8.520459999999998, 8.320459999999999, 7.87046, 6.87046, 5.74546, 4.77046, 3.9704599999999997, 3.3204599999999997, 2.15, 0.7749999999999999, 0.575, 0.5, 0.175, 0.0]
vetor repDynamicProg:  [0, 21, 27, 30, 25, 7, 47, 22, 6, 42, 23, 13, 24, 12, 39, 40, 18, 41, 3, 16, 36, 43, 14, 44, 32, 9, 38, 29, -33, 20, -28, 19, 34, 35, 2, 1, 49, 8, 15, 10, 37, 48, 4, 11, 46, 17, -5, 26, 50, 45, 31, 51]
indice analisado:  5
ponto di: 28
Cmt = 0.325, pontoK = 3
Cll = 3.025


##Testando funcionamento##
indice analisado:  5
conjunto Ti+: [20]
conjunto Ti: [29, 38, 9, 32, 44, 14, 43, 36, 16, 3, 41, 18, 40, 39, 12, 24, 13, 23, 42, 6, 22, 47, 7]
conjunto Sigma: [0, 0, 0, 0, 0, 0, 0, 0, 0, 0, 0, 1, 0, 0, 0, 0, 0, 0, 0, 0, 1, 0, 0, 0, 0, 0, 0, 0, 0, 0, 0, 0, 0, 0, 0, 0, 0, 0, 0, 0, 0, 0, 0, 0, 0, 0, 1, 0, 0, 0, 0, 0]
conjunto Ci: [0, 0, 0, 0, 0, 41.17709000000001, 40.852090000000004, 40.852090000000004, 40.577090000000005, 39.92709000000001, 39.92709000000001, 39.55209000000001, 38.827090000000005, 38.827090000000005, 37.852090000000004, 37.852090000000004, 37.452090000000005, 37.452090000000005, 37.17709000000001, 36.67709000000001, 35.702090000000005, 34.62709, 33.77709, 31.802090000000003, 29.602090000000004, 27.227090000000004, 24.194280000000003, 21.02239, 18.15126, 16.05126, 14.09546, 12.72046, 12.320459999999999, 11.74546, 11.195459999999999, 10.770459999999998, 9.745459999999998, 8.520459999999998, 8.520459999999998, 8.320459999999999, 7.87046, 6.87046, 5.74546, 4.77046, 3.9704599999999997, 3.3204599999999997, 2.15, 0.7749999999999999, 0.575, 0.5, 0.175, 0.0]
vetor repDynamicProg:  [0, 21, 27, 30, 25, 7, 47, 22, 6, 42, 23, 13, 24, 12, 39, 40, 18, 41, 3, 16, 36, 43, 14, 44, 32, 9, 38, 29, -33, 20, -28, 19, 34, 35, 2, 1, 49, 8, 15, 10, 37, 48, 4, 11, 46, 17, -5, 26, 50, 45, 31, 51]
indice analisado:  4
ponto di: 28
Cmt = 0.275, pontoK = 3
Cll = 3.275


##Testando funcionamento##
indice analisado:  4
conjunto Ti+: [20]
conjunto Ti: [29, 38, 9, 32, 44, 14, 43, 36, 16, 3, 41, 18, 40, 39, 12, 24, 13, 23, 42, 6, 22, 47, 7, 25]
conjunto Sigma: [0, 0, 0, 0, 0, 0, 0, 0, 0, 0, 0, 1, 0, 0, 0, 0, 0, 0, 0, 0, 1, 0, 0, 0, 0, 0, 0, 0, 0, 0, 0, 0, 0, 0, 0, 0, 0, 0, 0, 0, 0, 0, 0, 0, 0, 0, 1, 0, 0, 0, 0, 0]
conjunto Ci: [0, 0, 0, 0, 41.452090000000005, 41.17709000000001, 40.852090000000004, 40.852090000000004, 40.577090000000005, 39.92709000000001, 39.92709000000001, 39.55209000000001, 38.827090000000005, 38.827090000000005, 37.852090000000004, 37.852090000000004, 37.452090000000005, 37.452090000000005, 37.17709000000001, 36.67709000000001, 35.702090000000005, 34.62709, 33.77709, 31.802090000000003, 29.602090000000004, 27.227090000000004, 24.194280000000003, 21.02239, 18.15126, 16.05126, 14.09546, 12.72046, 12.320459999999999, 11.74546, 11.195459999999999, 10.770459999999998, 9.745459999999998, 8.520459999999998, 8.520459999999998, 8.320459999999999, 7.87046, 6.87046, 5.74546, 4.77046, 3.9704599999999997, 3.3204599999999997, 2.15, 0.7749999999999999, 0.575, 0.5, 0.175, 0.0]
vetor repDynamicProg:  [0, 21, 27, 30, 25, 7, 47, 22, 6, 42, 23, 13, 24, 12, 39, 40, 18, 41, 3, 16, 36, 43, 14, 44, 32, 9, 38, 29, -33, 20, -28, 19, 34, 35, 2, 1, 49, 8, 15, 10, 37, 48, 4, 11, 46, 17, -5, 26, 50, 45, 31, 51]
indice analisado:  3
ponto di: 28
Cmt = 0.0, pontoK = 3
Cll = 3.3


##Testando funcionamento##
indice analisado:  3
conjunto Ti+: [20]
conjunto Ti: [29, 38, 9, 32, 44, 14, 43, 36, 16, 3, 41, 18, 40, 39, 12, 24, 13, 23, 42, 6, 22, 47, 7, 25, 30]
conjunto Sigma: [0, 0, 0, 0, 0, 0, 0, 0, 0, 0, 0, 1, 0, 0, 0, 0, 0, 0, 0, 0, 1, 0, 0, 0, 0, 0, 0, 0, 0, 0, 0, 0, 0, 0, 0, 0, 0, 0, 0, 0, 0, 0, 0, 0, 0, 0, 1, 0, 0, 0, 0, 0]
conjunto Ci: [0, 0, 0, 41.452090000000005, 41.452090000000005, 41.17709000000001, 40.852090000000004, 40.852090000000004, 40.577090000000005, 39.92709000000001, 39.92709000000001, 39.55209000000001, 38.827090000000005, 38.827090000000005, 37.852090000000004, 37.852090000000004, 37.452090000000005, 37.452090000000005, 37.17709000000001, 36.67709000000001, 35.702090000000005, 34.62709, 33.77709, 31.802090000000003, 29.602090000000004, 27.227090000000004, 24.194280000000003, 21.02239, 18.15126, 16.05126, 14.09546, 12.72046, 12.320459999999999, 11.74546, 11.195459999999999, 10.770459999999998, 9.745459999999998, 8.520459999999998, 8.520459999999998, 8.320459999999999, 7.87046, 6.87046, 5.74546, 4.77046, 3.9704599999999997, 3.3204599999999997, 2.15, 0.7749999999999999, 0.575, 0.5, 0.175, 0.0]
vetor repDynamicProg:  [0, 21, 27, 30, 25, 7, 47, 22, 6, 42, 23, 13, 24, 12, 39, 40, 18, 41, 3, 16, 36, 43, 14, 44, 32, 9, 38, 29, -33, 20, -28, 19, 34, 35, 2, 1, 49, 8, 15, 10, 37, 48, 4, 11, 46, 17, -5, 26, 50, 45, 31, 51]
indice analisado:  2
ponto di: 28
Cmt = 1.575, pontoK = 47
Cll = 3.4


##Testando funcionamento##
indice analisado:  2
conjunto Ti+: [20]
conjunto Ti: [29, 38, 9, 32, 44, 14, 43, 36, 16, 3, 41, 18, 40, 39, 12, 24, 13, 23, 42, 6, 22, 47, 7, 25, 30, 27]
conjunto Sigma: [0, 0, 0, 0, 0, 0, 0, 0, 0, 0, 0, 1, 0, 0, 0, 0, 0, 0, 0, 0, 1, 0, 0, 0, 0, 0, 0, 0, 0, 0, 0, 0, 0, 0, 0, 0, 0, 0, 0, 0, 0, 0, 0, 0, 0, 0, 1, 0, 0, 0, 0, 0]
conjunto Ci: [0, 0, 43.02709000000001, 41.452090000000005, 41.452090000000005, 41.17709000000001, 40.852090000000004, 40.852090000000004, 40.577090000000005, 39.92709000000001, 39.92709000000001, 39.55209000000001, 38.827090000000005, 38.827090000000005, 37.852090000000004, 37.852090000000004, 37.452090000000005, 37.452090000000005, 37.17709000000001, 36.67709000000001, 35.702090000000005, 34.62709, 33.77709, 31.802090000000003, 29.602090000000004, 27.227090000000004, 24.194280000000003, 21.02239, 18.15126, 16.05126, 14.09546, 12.72046, 12.320459999999999, 11.74546, 11.195459999999999, 10.770459999999998, 9.745459999999998, 8.520459999999998, 8.520459999999998, 8.320459999999999, 7.87046, 6.87046, 5.74546, 4.77046, 3.9704599999999997, 3.3204599999999997, 2.15, 0.7749999999999999, 0.575, 0.5, 0.175, 0.0]
vetor repDynamicProg:  [0, 21, 27, 30, 25, 7, 47, 22, 6, 42, 23, 13, 24, 12, 39, 40, 18, 41, 3, 16, 36, 43, 14, 44, 32, 9, 38, 29, -33, 20, -28, 19, 34, 35, 2, 1, 49, 8, 15, 10, 37, 48, 4, 11, 46, 17, -5, 26, 50, 45, 31, 51]
indice analisado:  1
ponto di: 28
Cmt = 1.2999999999999998, pontoK = 47
Cll = 3.125


##Testando funcionamento##
indice analisado:  1
conjunto Ti+: [20]
conjunto Ti: [29, 38, 9, 32, 44, 14, 43, 36, 16, 3, 41, 18, 40, 39, 12, 24, 13, 23, 42, 6, 22, 47, 7, 25, 30, 27, 21]
conjunto Sigma: [0, 0, 0, 0, 0, 0, 0, 0, 0, 0, 0, 1, 0, 0, 0, 0, 0, 0, 0, 0, 1, 0, 0, 0, 0, 0, 0, 0, 0, 0, 0, 0, 0, 0, 0, 0, 0, 0, 0, 0, 0, 0, 0, 0, 0, 0, 1, 0, 0, 0, 0, 0]
conjunto Ci: [0, 44.327090000000005, 43.02709000000001, 41.452090000000005, 41.452090000000005, 41.17709000000001, 40.852090000000004, 40.852090000000004, 40.577090000000005, 39.92709000000001, 39.92709000000001, 39.55209000000001, 38.827090000000005, 38.827090000000005, 37.852090000000004, 37.852090000000004, 37.452090000000005, 37.452090000000005, 37.17709000000001, 36.67709000000001, 35.702090000000005, 34.62709, 33.77709, 31.802090000000003, 29.602090000000004, 27.227090000000004, 24.194280000000003, 21.02239, 18.15126, 16.05126, 14.09546, 12.72046, 12.320459999999999, 11.74546, 11.195459999999999, 10.770459999999998, 9.745459999999998, 8.520459999999998, 8.520459999999998, 8.320459999999999, 7.87046, 6.87046, 5.74546, 4.77046, 3.9704599999999997, 3.3204599999999997, 2.15, 0.7749999999999999, 0.575, 0.5, 0.175, 0.0]
vetor repDynamicProg:  [0, 21, 27, 30, 25, 7, 47, 22, 6, 42, 23, 13, 24, 12, 39, 40, 18, 41, 3, 16, 36, 43, 14, 44, 32, 9, 38, 29, -33, 20, -28, 19, 34, 35, 2, 1, 49, 8, 15, 10, 37, 48, 4, 11, 46, 17, -5, 26, 50, 45, 31, 51]
indice analisado:  0
ponto di: 28
Cmt = 1.0499999999999998, pontoK = 47
Cll = 2.875


##Testando funcionamento##
indice analisado:  0
conjunto Ti+: [20]
conjunto Ti: [29, 38, 9, 32, 44, 14, 43, 36, 16, 3, 41, 18, 40, 39, 12, 24, 13, 23, 42, 6, 22, 47, 7, 25, 30, 27, 21, 0]
conjunto Sigma: [0, 0, 0, 0, 0, 0, 0, 0, 0, 0, 0, 1, 0, 0, 0, 0, 0, 0, 0, 0, 1, 0, 0, 0, 0, 0, 0, 0, 0, 0, 0, 0, 0, 0, 0, 0, 0, 0, 0, 0, 0, 0, 0, 0, 0, 0, 1, 0, 0, 0, 0, 0]
conjunto Ci: [45.37709, 44.327090000000005, 43.02709000000001, 41.452090000000005, 41.452090000000005, 41.17709000000001, 40.852090000000004, 40.852090000000004, 40.577090000000005, 39.92709000000001, 39.92709000000001, 39.55209000000001, 38.827090000000005, 38.827090000000005, 37.852090000000004, 37.852090000000004, 37.452090000000005, 37.452090000000005, 37.17709000000001, 36.67709000000001, 35.702090000000005, 34.62709, 33.77709, 31.802090000000003, 29.602090000000004, 27.227090000000004, 24.194280000000003, 21.02239, 18.15126, 16.05126, 14.09546, 12.72046, 12.320459999999999, 11.74546, 11.195459999999999, 10.770459999999998, 9.745459999999998, 8.520459999999998, 8.520459999999998, 8.320459999999999, 7.87046, 6.87046, 5.74546, 4.77046, 3.9704599999999997, 3.3204599999999997, 2.15, 0.7749999999999999, 0.575, 0.5, 0.175, 0.0]
vetor repDynamicProg:  [0, 21, 27, 30, 25, 7, 47, 22, 6, 42, 23, 13, 24, 12, 39, 40, 18, 41, 3, 16, 36, 43, 14, 44, 32, 9, 38, 29, -33, 20, -28, 19, 34, 35, 2, 1, 49, 8, 15, 10, 37, 48, 4, 11, 46, 17, -5, 26, 50, 45, 31, 51]
