Solucao inicial para: prv14
0 7 8 11 10 13 1 5 9 2 4 6 12 3 14 
Solucao final para: prv14
0 13 1 7 10 9 5 6 3 4 2 8 11 12 14 

Solucao inicial para: berlin52
0 48 35 34 38 39 4 14 5 3 24 23 47 37 33 21 31 44 40 18 7 9 32 8 42 36 15 19 49 43 45 22 30 2 17 29 28 46 27 26 12 25 11 10 51 20 6 1 13 50 41 16 52 
Solucao final para: berlin52
0 21 30 17 2 16 20 22 19 49 15 43 45 24 11 27 26 25 29 41 6 1 28 46 13 12 51 10 50 3 5 37 39 38 33 34 35 36 47 23 4 14 42 32 9 8 7 40 18 44 31 48 52 

Solucao inicial para: eil51
0 26 5 47 7 25 30 2 19 21 1 15 49 33 8 29 48 9 38 44 14 16 3 46 11 36 43 18 40 39 12 13 24 17 50 10 31 4 45 20 34 28 35 27 22 23 42 37 6 41 32 51 
Solucao final para: eil51
0 31 10 15 8 49 20 33 29 38 9 32 44 14 43 36 16 3 41 18 40 39 12 24 13 17 46 11 4 48 37 45 50 26 5 23 42 6 22 47 7 25 30 27 2 35 34 19 28 1 21 51 

Solucao inicial para: st70
0 15 22 46 36 4 52 65 62 21 37 68 30 69 34 58 28 12 35 9 49 51 50 64 66 55 47 61 53 11 20 33 16 8 26 44 39 60 24 45 38 32 42 40 5 41 31 3 17 6 18 1 7 25 54 27 2 67 43 19 13 23 14 48 56 59 57 29 10 63 70 
Solucao final para: st70
0 35 22 12 28 69 34 68 30 37 58 21 62 65 56 14 23 18 54 48 25 7 27 13 19 29 43 67 2 31 6 1 3 17 41 5 40 42 16 8 26 45 24 44 39 60 38 61 33 20 11 59 51 9 4 52 46 36 57 49 50 32 53 66 47 10 55 64 63 15 70 

