Solucao inicial para: prv14
0 10 7 8 11 12 2 6 5 9 3 4 13 1 14 
Solucao final para: prv14
0 10 9 5 6 3 4 2 8 11 12 7 13 1 14 

Solucao inicial para: berlin52
0 21 48 31 35 34 33 38 39 37 4 14 5 23 47 36 43 45 15 49 19 22 30 17 2 44 18 40 7 8 9 42 3 24 11 27 26 25 46 13 12 51 10 50 32 28 29 20 16 41 6 1 52 
Solucao final para: berlin52
0 21 22 19 49 15 28 29 1 6 41 16 20 30 17 2 44 18 40 7 8 9 32 42 5 3 50 10 51 12 13 46 25 26 27 11 24 45 43 33 36 47 23 14 4 37 39 38 34 35 48 31 52 

Solucao inicial para: eil51
0 31 10 37 8 15 49 33 29 48 4 11 46 17 3 16 36 43 14 44 32 9 38 20 28 1 21 27 30 25 7 47 22 6 42 23 13 24 12 40 18 41 39 5 26 50 45 19 34 35 2 51 
Solucao final para: eil51
0 21 27 30 25 7 47 22 6 42 23 13 24 12 39 40 18 41 3 16 36 43 14 44 32 9 38 29 33 20 28 19 34 35 2 1 49 8 15 10 37 48 4 11 46 17 5 26 50 45 31 51 

Solucao inicial para: st70
0 35 22 46 15 36 57 49 9 4 52 51 59 11 20 33 32 53 66 47 10 55 64 50 63 61 38 44 24 45 26 8 60 39 67 43 29 19 13 27 7 25 48 54 18 6 1 3 17 41 40 5 42 16 31 2 65 21 62 58 37 68 30 12 28 69 34 14 23 56 70 
Solucao final para: st70
0 15 46 36 57 49 9 4 52 51 59 11 20 33 32 53 66 55 50 64 63 10 47 61 38 44 24 45 26 39 60 8 67 43 29 19 13 27 7 25 48 54 18 6 31 2 41 42 16 40 5 17 3 1 56 23 14 34 69 28 12 30 68 58 62 65 21 37 22 35 70 

